2 3 2

111
010

100
100
ans=1
10 10 6

0101001111
0000010010
1000011100
1010100000
1111011110
0011100110
1100110100
1111110100
0101101111
0111111011

1110100010
0100001000
0000011011
1101011001
0001101011
1011001011
1111101000
0010110010
0001100111
0011010101

1111110111
1010000000
0011111000
0101000110
0100010011
1101010101
0010100000
0001000111
1111110010
0111010110

1101001011
1100110011
0011101011
0001001111
0110000110
1010111100
1110100100
0101101100
1101001001
1100111111

0111001111
1000011110
1000000000
0010101010
1110111100
1111101000
0110011101
0000111000
0110101000
1000101001

1000111110
1010011101
0010001010
1011111001
1100101101
0101101010
1101111001
0000000110
0111111100
0001100111
ans=3
10 10 6

0000000000
0000000000
0000000000
0000000000
0000000000
0000000000
0000000000
0000000000
0000000000
0000000000

0000000000
0000000000
0000000000
0000000000
0000000000
0000000000
0000000000
0000000000
0000000010
0000000011

0000000000
0000000000
0000000000
0000000000
0000000000
0000000000
0000000000
0000000000
0000000011
0000000011

0000000000
0000000000
0000000000
0000000000
0000000000
0000000000
0000000000
0000000000
0000000011
0000000000

0000000000
0000000000
0000000000
0000000000
0000000000
0000000000
0000000000
0000000000
0000000001
0000000011

0000000000
0000000000
0000000000
0000000000
0000000000
0000000000
0000000000
0000000000
0000000011
0000000001
ans=4